"{\"data\":[{\"coloraxis\":\"coloraxis\",\"name\":\"0\",\"x\":[\"Pros and cons of using AI in financial services\",\"AIDA and high impact AI systems\",\"Regulation of intermediary services\",\"Outlier\",\"AI regulatory landscape across different jurisdictions\",\"Role of digital service coordinators\",\"Risk management framework for AI\",\"Impact of AI in modern society\",\"Regulatory requirements for High risk AI\",\"Ethical assessment in the AI development lifecycle\",\"Discrimination and bias in AI models\",\"AI compliance\",\"Assessing and mitigating risks related to user rights\",\"Processing personal data (fair, safe, compliant)\",\"Implementing data protection controls\",\"User protection against AI\",\"Biometric identification\",\"ML definition\",\"Developing AI models\",\"Explainability, transparency and interpretability of AI\",\"Principles for designing responsible AI\",\"Human review and intervention\",\"Testing and monitoring AI systems\",\"Role of EU commission\",\"Data governance\",\"Enforcing AI regulation and penalties\",\"AI security and 3rd part AI risks\",\"Implementing an AI governance Framework\"],\"y\":[\"Pros and cons of using AI in financial services\",\"AIDA and high impact AI systems\",\"Regulation of intermediary services\",\"Outlier\",\"AI regulatory landscape across different jurisdictions\",\"Role of digital service coordinators\",\"Risk management framework for AI\",\"Impact of AI in modern society\",\"Regulatory requirements for High risk AI\",\"Ethical assessment in the AI development lifecycle\",\"Discrimination and bias in AI models\",\"AI compliance\",\"Assessing and mitigating risks related to user rights\",\"Processing personal data (fair, safe, compliant)\",\"Implementing data protection controls\",\"User protection against AI\",\"Biometric identification\",\"ML definition\",\"Developing AI models\",\"Explainability, transparency and interpretability of AI\",\"Principles for designing responsible AI\",\"Human review and intervention\",\"Testing and monitoring AI systems\",\"Role of EU commission\",\"Data governance\",\"Enforcing AI regulation and penalties\",\"AI security and 3rd part AI risks\",\"Implementing an AI governance Framework\"],\"z\":[[0.9999999999999998,0.7490919591015338,0.7509015456721357,0.731867235267892,0.7476745332996262,0.7422612929287409,0.685941719291679,0.695539827260721,0.7306671119866527,0.6575740499552979,0.5895976376068286,0.5863574593618966,0.7325558188264694,0.6818928848107388,0.6836899828625245,0.5927207125854597,0.6382233366657918,0.5837496609088602,0.6232425250562799,0.5691587880841424,0.6842955316800661,0.6631665242910616,0.5646242196969562,0.6943158149251041,0.6734719922465636,0.6571483734892822,0.6120990578225414,0.643408744976936],[0.7490919591015338,1.0000000000000007,0.7496463760020426,0.7375594917590808,0.7717019078555193,0.7222301125687411,0.7449280350976677,0.7093510387224355,0.7662841484193664,0.7534561508859718,0.6202993114777872,0.6660800877285369,0.6990843144472971,0.6517460963012689,0.6624171440589585,0.6331469689574952,0.6466856871782368,0.5550946137758412,0.6057727809515853,0.6100207003242276,0.7004691196882369,0.702086445332194,0.6066271901106042,0.6840844692415398,0.6422120731117122,0.6818770548369624,0.5807337648017318,0.6488219232229879],[0.7509015456721357,0.7496463760020426,0.9999999999999999,0.797850647762653,0.8015761696345411,0.8093605214911256,0.6430778381216877,0.6568697633045444,0.7095702943736607,0.6906306772693867,0.6404304824740887,0.6463669508368302,0.7314097443571613,0.7353495755214632,0.6879950325585522,0.6385258866570078,0.7098246024798204,0.6010466864675057,0.6192007644966147,0.6007616471598475,0.7169635658881226,0.7330239886848224,0.5693704930990819,0.7273520641928398,0.6641187634360023,0.7405976872826389,0.6122991480383213,0.6880298263056558],[0.731867235267892,0.7375594917590808,0.797850647762653,0.9999999999999997,0.8143462028132928,0.7743578048398271,0.6652693012053875,0.7005093579843119,0.7473284983428011,0.7497302797336111,0.6327345974733155,0.6483304822868119,0.7502055172870032,0.7298421294062781,0.6820242954414677,0.5783750222713162,0.6978108988444378,0.6290571718227427,0.695491862086806,0.6424225130844079,0.7456341418211752,0.7695671399756818,0.5919365484727881,0.7362518285779213,0.6743821538323079,0.688355716075798,0.666596002286957,0.7534769480900918],[0.7476745332996262,0.7717019078555193,0.8015761696345411,0.8143462028132928,1.0000000000000004,0.7755615654115743,0.7226322020950662,0.6872367611930909,0.721036727310101,0.7435080267569574,0.6011126688692494,0.6279144124911147,0.75848987842267,0.714438459929319,0.7181773303950798,0.6020475055456168,0.6860866236410074,0.5972887407234521,0.6217776235628517,0.6286944852922738,0.726440964745881,0.7108405599742073,0.5820681403384685,0.6903392802088215,0.6284456425502087,0.6566718051056951,0.631255427613943,0.7590962925511193],[0.7422612929287409,0.7222301125687411,0.8093605214911256,0.7743578048398271,0.7755615654115743,0.9999999999999992,0.6740698369193504,0.7379279356551962,0.7296766227923783,0.7320424332723323,0.6190652249557713,0.6516176854978493,0.8069598463167622,0.760229705729083,0.7010059147173251,0.6415076951168168,0.677235694367159,0.6131656434655364,0.6435627269634782,0.6015914095479673,0.7261345763559535,0.7043218175918635,0.5657996558676973,0.8067328098031805,0.6902833852727049,0.6740436357080831,0.6441779677065491,0.6961067395586008],[0.685941719291679,0.7449280350976677,0.6430778381216877,0.6652693012053875,0.7226322020950662,0.6740698369193504,0.9999999999999993,0.7663526336363871,0.7294685630359601,0.7463081453461794,0.6260083397690037,0.6255324340678562,0.6867917079080094,0.67667281751603,0.7175337318284662,0.6067047288934078,0.6156752836448055,0.6113548884007225,0.6616827297527513,0.6260267649628617,0.7433781640470971,0.6793574452757736,0.6482339882962237,0.6727567250109409,0.6369325592900416,0.6741638596944006,0.5928758628468137,0.6997002542999832],[0.695539827260721,0.7093510387224355,0.6568697633045444,0.7005093579843119,0.6872367611930909,0.7379279356551962,0.7663526336363871,0.9999999999999997,0.7668443863446094,0.7584776464982572,0.6448240539674777,0.6854957553954472,0.7362252692933474,0.7371108019705486,0.6900363956921522,0.5957037917880676,0.6861654460194673,0.665285662917886,0.7386707363394821,0.67926658756499,0.7690377798098816,0.6968173658057575,0.6332022990086605,0.6915070205516618,0.6983785635597487,0.6495244852912073,0.707709180081061,0.7006667826493687],[0.7306671119866527,0.7662841484193664,0.7095702943736607,0.7473284983428011,0.721036727310101,0.7296766227923783,0.7294685630359601,0.7668443863446094,1.0000000000000002,0.7106628852339902,0.6042350071326361,0.7210242614063803,0.7239398531780747,0.7314734840521863,0.7356619064810491,0.6398678515958532,0.6630302863128996,0.619833886720482,0.7176929758054984,0.6799231557316023,0.7530101644388154,0.6964813581410754,0.7166912727329169,0.7692383317686677,0.7043392034244057,0.686402521573098,0.6804028027165556,0.7189211666957477],[0.6575740499552979,0.7534561508859718,0.6906306772693867,0.7497302797336111,0.7435080267569574,0.7320424332723323,0.7463081453461794,0.7584776464982572,0.7106628852339902,1.0000000000000009,0.652918041638408,0.6959347749815235,0.7161945839326329,0.7320162867070945,0.6969776049072334,0.6630866081059824,0.7167638751082708,0.5701955961566767,0.6591903277064417,0.6199497363015267,0.72428909813508,0.6871805788755847,0.6354869889857288,0.6581166327416098,0.6666323288773124,0.6439346478920409,0.6095989167493154,0.720587975990872],[0.5895976376068286,0.6202993114777872,0.6404304824740887,0.6327345974733155,0.6011126688692494,0.6190652249557713,0.6260083397690037,0.6448240539674777,0.6042350071326361,0.652918041638408,1.0000000000000002,0.7009846525301385,0.6627480418660534,0.6800579039806746,0.6019224851490305,0.5602754133095326,0.6671556494857673,0.6288085754663251,0.6233313513902583,0.6242024057609288,0.6681408568694549,0.6497880001389545,0.5914330368587339,0.5667503192870628,0.6352765486851476,0.5957350181204106,0.5735700843729793,0.5955309013263761],[0.5863574593618966,0.6660800877285369,0.6463669508368302,0.6483304822868119,0.6279144124911147,0.6516176854978493,0.6255324340678562,0.6854957553954472,0.7210242614063803,0.6959347749815235,0.7009846525301385,1.0000000000000002,0.6477902179835248,0.6748078721826491,0.662130846131604,0.5188565011062016,0.6249757073702515,0.5118714605559094,0.5908195400713363,0.6464870735698193,0.6798189313151911,0.6789959487935882,0.6132383950819298,0.6723747977613049,0.6414485157042877,0.592522076872736,0.559057950958356,0.6213546955060519],[0.7325558188264694,0.6990843144472971,0.7314097443571613,0.7502055172870032,0.75848987842267,0.8069598463167622,0.6867917079080094,0.7362252692933474,0.7239398531780747,0.7161945839326329,0.6627480418660534,0.6477902179835248,1.0000000000000007,0.7888830463652835,0.7366866967226927,0.641756788863422,0.7010064255925812,0.6526185492306351,0.6973951125636348,0.7125876272352188,0.7097854021359323,0.7205868117309094,0.6251769686597856,0.7582586566148206,0.7011452457543113,0.6978482661842943,0.6792690920617777,0.690600162939591],[0.6818928848107388,0.6517460963012689,0.7353495755214632,0.7298421294062781,0.714438459929319,0.760229705729083,0.67667281751603,0.7371108019705486,0.7314734840521863,0.7320162867070945,0.6800579039806746,0.6748078721826491,0.7888830463652835,0.9999999999999996,0.7675178364931587,0.6691348636977826,0.7632087184720133,0.6956116510166506,0.7058833599028085,0.6927457069447602,0.733058878451095,0.7748097379370538,0.6333906922595093,0.7382476970003551,0.7754722220941337,0.6886738575328126,0.6523976243276366,0.7071368433540938],[0.6836899828625245,0.6624171440589585,0.6879950325585522,0.6820242954414677,0.7181773303950798,0.7010059147173251,0.7175337318284662,0.6900363956921522,0.7356619064810491,0.6969776049072334,0.6019224851490305,0.662130846131604,0.7366866967226927,0.7675178364931587,1.0000000000000002,0.5940012764917937,0.7331804995777619,0.6406739887802597,0.7099442580662688,0.7044786058920331,0.7424145207927508,0.6926447788838582,0.6933269099942214,0.7122434406527327,0.6622565122824162,0.6907027340085723,0.6845925062425274,0.694571322548961],[0.5927207125854597,0.6331469689574952,0.6385258866570078,0.5783750222713162,0.6020475055456168,0.6415076951168168,0.6067047288934078,0.5957037917880676,0.6398678515958532,0.6630866081059824,0.5602754133095326,0.5188565011062016,0.641756788863422,0.6691348636977826,0.5940012764917937,1.0,0.584010811547903,0.4864321009985907,0.5527992674782901,0.5971089899131677,0.6336799075334602,0.6027010499879369,0.5326786421433994,0.6262547938274678,0.5579077146793222,0.6565105751594424,0.5074538891294283,0.5129914909338342],[0.6382233366657918,0.6466856871782368,0.7098246024798204,0.6978108988444378,0.6860866236410074,0.677235694367159,0.6156752836448055,0.6861654460194673,0.6630302863128996,0.7167638751082708,0.6671556494857673,0.6249757073702515,0.7010064255925812,0.7632087184720133,0.7331804995777619,0.584010811547903,1.0000000000000004,0.6186350666656903,0.6611854999154655,0.6026677912378451,0.7035137483370676,0.6968721384840522,0.6111237554206442,0.6540646010419985,0.6360760428154659,0.6894822890877581,0.6340194068745774,0.6297589028823121],[0.5837496609088602,0.5550946137758412,0.6010466864675057,0.6290571718227427,0.5972887407234521,0.6131656434655364,0.6113548884007225,0.665285662917886,0.619833886720482,0.5701955961566767,0.6288085754663251,0.5118714605559094,0.6526185492306351,0.6956116510166506,0.6406739887802597,0.4864321009985907,0.6186350666656903,1.0000000000000002,0.7794592297006685,0.6427212163285214,0.6903432191029171,0.6869405095580774,0.6253373931345738,0.584643422487953,0.6527081516491595,0.6048686023773066,0.6487901197096478,0.6665018576083287],[0.6232425250562799,0.6057727809515853,0.6192007644966147,0.695491862086806,0.6217776235628517,0.6435627269634782,0.6616827297527513,0.7386707363394821,0.7176929758054984,0.6591903277064417,0.6233313513902583,0.5908195400713363,0.6973951125636348,0.7058833599028085,0.7099442580662688,0.5527992674782901,0.6611854999154655,0.7794592297006685,0.9999999999999998,0.6762204462033348,0.741669363074316,0.6628600610985941,0.7096451294541758,0.6605059292059245,0.631888661721371,0.6397379815488539,0.7548199961517165,0.6577822377316829],[0.5691587880841424,0.6100207003242276,0.6007616471598475,0.6424225130844079,0.6286944852922738,0.6015914095479673,0.6260267649628617,0.67926658756499,0.6799231557316023,0.6199497363015267,0.6242024057609288,0.6464870735698193,0.7125876272352188,0.6927457069447602,0.7044786058920331,0.5971089899131677,0.6026677912378451,0.6427212163285214,0.6762204462033348,1.0,0.6950812998458457,0.6412236417853802,0.6613723624233466,0.6479260808862871,0.6672079482277145,0.6062311851123401,0.6471902377964492,0.6065312343207905],[0.6842955316800661,0.7004691196882369,0.7169635658881226,0.7456341418211752,0.726440964745881,0.7261345763559535,0.7433781640470971,0.7690377798098816,0.7530101644388154,0.72428909813508,0.6681408568694549,0.6798189313151911,0.7097854021359323,0.733058878451095,0.7424145207927508,0.6336799075334602,0.7035137483370676,0.6903432191029171,0.741669363074316,0.6950812998458457,1.0000000000000007,0.8396134172667044,0.7575213753473905,0.7422833501062154,0.6687479228874592,0.6688341589968224,0.7211843784097693,0.6774329377854641],[0.6631665242910616,0.702086445332194,0.7330239886848224,0.7695671399756818,0.7108405599742073,0.7043218175918635,0.6793574452757736,0.6968173658057575,0.6964813581410754,0.6871805788755847,0.6497880001389545,0.6789959487935882,0.7205868117309094,0.7748097379370538,0.6926447788838582,0.6027010499879369,0.6968721384840522,0.6869405095580774,0.6628600610985941,0.6412236417853802,0.8396134172667044,0.9999999999999996,0.6157245587634876,0.7138815826929106,0.6464588745086431,0.6745840956605502,0.6494695799565537,0.6516465007350472],[0.5646242196969562,0.6066271901106042,0.5693704930990819,0.5919365484727881,0.5820681403384685,0.5657996558676973,0.6482339882962237,0.6332022990086605,0.7166912727329169,0.6354869889857288,0.5914330368587339,0.6132383950819298,0.6251769686597856,0.6333906922595093,0.6933269099942214,0.5326786421433994,0.6111237554206442,0.6253373931345738,0.7096451294541758,0.6613723624233466,0.7575213753473905,0.6157245587634876,0.9999999999999993,0.6613533375872461,0.6250014353475261,0.5627032958062376,0.58870939235995,0.5816616302016403],[0.6943158149251041,0.6840844692415398,0.7273520641928398,0.7362518285779213,0.6903392802088215,0.8067328098031805,0.6727567250109409,0.6915070205516618,0.7692383317686677,0.6581166327416098,0.5667503192870628,0.6723747977613049,0.7582586566148206,0.7382476970003551,0.7122434406527327,0.6262547938274678,0.6540646010419985,0.584643422487953,0.6605059292059245,0.6479260808862871,0.7422833501062154,0.7138815826929106,0.6613533375872461,0.9999999999999996,0.7441070692863974,0.6939673977652557,0.5909658780564211,0.6534143289908881],[0.6734719922465636,0.6422120731117122,0.6641187634360023,0.6743821538323079,0.6284456425502087,0.6902833852727049,0.6369325592900416,0.6983785635597487,0.7043392034244057,0.6666323288773124,0.6352765486851476,0.6414485157042877,0.7011452457543113,0.7754722220941337,0.6622565122824162,0.5579077146793222,0.6360760428154659,0.6527081516491595,0.631888661721371,0.6672079482277145,0.6687479228874592,0.6464588745086431,0.6250014353475261,0.7441070692863974,0.9999999999999998,0.5971333656613428,0.5869378079683651,0.6624784360135922],[0.6571483734892822,0.6818770548369624,0.7405976872826389,0.688355716075798,0.6566718051056951,0.6740436357080831,0.6741638596944006,0.6495244852912073,0.686402521573098,0.6439346478920409,0.5957350181204106,0.592522076872736,0.6978482661842943,0.6886738575328126,0.6907027340085723,0.6565105751594424,0.6894822890877581,0.6048686023773066,0.6397379815488539,0.6062311851123401,0.6688341589968224,0.6745840956605502,0.5627032958062376,0.6939673977652557,0.5971333656613428,1.0000000000000007,0.5648318450198748,0.6397454077283448],[0.6120990578225414,0.5807337648017318,0.6122991480383213,0.666596002286957,0.631255427613943,0.6441779677065491,0.5928758628468137,0.707709180081061,0.6804028027165556,0.6095989167493154,0.5735700843729793,0.559057950958356,0.6792690920617777,0.6523976243276366,0.6845925062425274,0.5074538891294283,0.6340194068745774,0.6487901197096478,0.7548199961517165,0.6471902377964492,0.7211843784097693,0.6494695799565537,0.58870939235995,0.5909658780564211,0.5869378079683651,0.5648318450198748,1.0,0.6494473006587959],[0.643408744976936,0.6488219232229879,0.6880298263056558,0.7534769480900918,0.7590962925511193,0.6961067395586008,0.6997002542999832,0.7006667826493687,0.7189211666957477,0.720587975990872,0.5955309013263761,0.6213546955060519,0.690600162939591,0.7071368433540938,0.694571322548961,0.5129914909338342,0.6297589028823121,0.6665018576083287,0.6577822377316829,0.6065312343207905,0.6774329377854641,0.6516465007350472,0.5816616302016403,0.6534143289908881,0.6624784360135922,0.6397454077283448,0.6494473006587959,0.9999999999999997]],\"type\":\"heatmap\",\"xaxis\":\"x\",\"yaxis\":\"y\",\"hovertemplate\":\"x: %{x}<br>y: %{y}<br>Similarity Score: %{z}<extra></extra>\"}],\"layout\":{\"template\":{\"data\":{\"histogram2dcontour\":[{\"type\":\"histogram2dcontour\",\"colorbar\":{\"outlinewidth\":0,\"ticks\":\"\"},\"colorscale\":[[0.0,\"#0d0887\"],[0.1111111111111111,\"#46039f\"],[0.2222222222222222,\"#7201a8\"],[0.3333333333333333,\"#9c179e\"],[0.4444444444444444,\"#bd3786\"],[0.5555555555555556,\"#d8576b\"],[0.6666666666666666,\"#ed7953\"],[0.7777777777777778,\"#fb9f3a\"],[0.8888888888888888,\"#fdca26\"],[1.0,\"#f0f921\"]]}],\"choropleth\":[{\"type\":\"choropleth\",\"colorbar\":{\"outlinewidth\":0,\"ticks\":\"\"}}],\"histogram2d\":[{\"type\":\"histogram2d\",\"colorbar\":{\"outlinewidth\":0,\"ticks\":\"\"},\"colorscale\":[[0.0,\"#0d0887\"],[0.1111111111111111,\"#46039f\"],[0.2222222222222222,\"#7201a8\"],[0.3333333333333333,\"#9c179e\"],[0.4444444444444444,\"#bd3786\"],[0.5555555555555556,\"#d8576b\"],[0.6666666666666666,\"#ed7953\"],[0.7777777777777778,\"#fb9f3a\"],[0.8888888888888888,\"#fdca26\"],[1.0,\"#f0f921\"]]}],\"heatmap\":[{\"type\":\"heatmap\",\"colorbar\":{\"outlinewidth\":0,\"ticks\":\"\"},\"colorscale\":[[0.0,\"#0d0887\"],[0.1111111111111111,\"#46039f\"],[0.2222222222222222,\"#7201a8\"],[0.3333333333333333,\"#9c179e\"],[0.4444444444444444,\"#bd3786\"],[0.5555555555555556,\"#d8576b\"],[0.6666666666666666,\"#ed7953\"],[0.7777777777777778,\"#fb9f3a\"],[0.8888888888888888,\"#fdca26\"],[1.0,\"#f0f921\"]]}],\"heatmapgl\":[{\"type\":\"heatmapgl\",\"colorbar\":{\"outlinewidth\":0,\"ticks\":\"\"},\"colorscale\":[[0.0,\"#0d0887\"],[0.1111111111111111,\"#46039f\"],[0.2222222222222222,\"#7201a8\"],[0.3333333333333333,\"#9c179e\"],[0.4444444444444444,\"#bd3786\"],[0.5555555555555556,\"#d8576b\"],[0.6666666666666666,\"#ed7953\"],[0.7777777777777778,\"#fb9f3a\"],[0.8888888888888888,\"#fdca26\"],[1.0,\"#f0f921\"]]}],\"contourcarpet\":[{\"type\":\"contourcarpet\",\"colorbar\":{\"outlinewidth\":0,\"ticks\":\"\"}}],\"contour\":[{\"type\":\"contour\",\"colorbar\":{\"outlinewidth\":0,\"ticks\":\"\"},\"colorscale\":[[0.0,\"#0d0887\"],[0.1111111111111111,\"#46039f\"],[0.2222222222222222,\"#7201a8\"],[0.3333333333333333,\"#9c179e\"],[0.4444444444444444,\"#bd3786\"],[0.5555555555555556,\"#d8576b\"],[0.6666666666666666,\"#ed7953\"],[0.7777777777777778,\"#fb9f3a\"],[0.8888888888888888,\"#fdca26\"],[1.0,\"#f0f921\"]]}],\"surface\":[{\"type\":\"surface\",\"colorbar\":{\"outlinewidth\":0,\"ticks\":\"\"},\"colorscale\":[[0.0,\"#0d0887\"],[0.1111111111111111,\"#46039f\"],[0.2222222222222222,\"#7201a8\"],[0.3333333333333333,\"#9c179e\"],[0.4444444444444444,\"#bd3786\"],[0.5555555555555556,\"#d8576b\"],[0.6666666666666666,\"#ed7953\"],[0.7777777777777778,\"#fb9f3a\"],[0.8888888888888888,\"#fdca26\"],[1.0,\"#f0f921\"]]}],\"mesh3d\":[{\"type\":\"mesh3d\",\"colorbar\":{\"outlinewidth\":0,\"ticks\":\"\"}}],\"scatter\":[{\"fillpattern\":{\"fillmode\":\"overlay\",\"size\":10,\"solidity\":0.2},\"type\":\"scatter\"}],\"parcoords\":[{\"type\":\"parcoords\",\"line\":{\"colorbar\":{\"outlinewidth\":0,\"ticks\":\"\"}}}],\"scatterpolargl\":[{\"type\":\"scatterpolargl\",\"marker\":{\"colorbar\":{\"outlinewidth\":0,\"ticks\":\"\"}}}],\"bar\":[{\"error_x\":{\"color\":\"#2a3f5f\"},\"error_y\":{\"color\":\"#2a3f5f\"},\"marker\":{\"line\":{\"color\":\"#E5ECF6\",\"width\":0.5},\"pattern\":{\"fillmode\":\"overlay\",\"size\":10,\"solidity\":0.2}},\"type\":\"bar\"}],\"scattergeo\":[{\"type\":\"scattergeo\",\"marker\":{\"colorbar\":{\"outlinewidth\":0,\"ticks\":\"\"}}}],\"scatterpolar\":[{\"type\":\"scatterpolar\",\"marker\":{\"colorbar\":{\"outlinewidth\":0,\"ticks\":\"\"}}}],\"histogram\":[{\"marker\":{\"pattern\":{\"fillmode\":\"overlay\",\"size\":10,\"solidity\":0.2}},\"type\":\"histogram\"}],\"scattergl\":[{\"type\":\"scattergl\",\"marker\":{\"colorbar\":{\"outlinewidth\":0,\"ticks\":\"\"}}}],\"scatter3d\":[{\"type\":\"scatter3d\",\"line\":{\"colorbar\":{\"outlinewidth\":0,\"ticks\":\"\"}},\"marker\":{\"colorbar\":{\"outlinewidth\":0,\"ticks\":\"\"}}}],\"scattermapbox\":[{\"type\":\"scattermapbox\",\"marker\":{\"colorbar\":{\"outlinewidth\":0,\"ticks\":\"\"}}}],\"scatterternary\":[{\"type\":\"scatterternary\",\"marker\":{\"colorbar\":{\"outlinewidth\":0,\"ticks\":\"\"}}}],\"scattercarpet\":[{\"type\":\"scattercarpet\",\"marker\":{\"colorbar\":{\"outlinewidth\":0,\"ticks\":\"\"}}}],\"carpet\":[{\"aaxis\":{\"endlinecolor\":\"#2a3f5f\",\"gridcolor\":\"white\",\"linecolor\":\"white\",\"minorgridcolor\":\"white\",\"startlinecolor\":\"#2a3f5f\"},\"baxis\":{\"endlinecolor\":\"#2a3f5f\",\"gridcolor\":\"white\",\"linecolor\":\"white\",\"minorgridcolor\":\"white\",\"startlinecolor\":\"#2a3f5f\"},\"type\":\"carpet\"}],\"table\":[{\"cells\":{\"fill\":{\"color\":\"#EBF0F8\"},\"line\":{\"color\":\"white\"}},\"header\":{\"fill\":{\"color\":\"#C8D4E3\"},\"line\":{\"color\":\"white\"}},\"type\":\"table\"}],\"barpolar\":[{\"marker\":{\"line\":{\"color\":\"#E5ECF6\",\"width\":0.5},\"pattern\":{\"fillmode\":\"overlay\",\"size\":10,\"solidity\":0.2}},\"type\":\"barpolar\"}],\"pie\":[{\"automargin\":true,\"type\":\"pie\"}]},\"layout\":{\"autotypenumbers\":\"strict\",\"colorway\":[\"#636efa\",\"#EF553B\",\"#00cc96\",\"#ab63fa\",\"#FFA15A\",\"#19d3f3\",\"#FF6692\",\"#B6E880\",\"#FF97FF\",\"#FECB52\"],\"font\":{\"color\":\"#2a3f5f\"},\"hovermode\":\"closest\",\"hoverlabel\":{\"align\":\"left\"},\"paper_bgcolor\":\"white\",\"plot_bgcolor\":\"#E5ECF6\",\"polar\":{\"bgcolor\":\"#E5ECF6\",\"angularaxis\":{\"gridcolor\":\"white\",\"linecolor\":\"white\",\"ticks\":\"\"},\"radialaxis\":{\"gridcolor\":\"white\",\"linecolor\":\"white\",\"ticks\":\"\"}},\"ternary\":{\"bgcolor\":\"#E5ECF6\",\"aaxis\":{\"gridcolor\":\"white\",\"linecolor\":\"white\",\"ticks\":\"\"},\"baxis\":{\"gridcolor\":\"white\",\"linecolor\":\"white\",\"ticks\":\"\"},\"caxis\":{\"gridcolor\":\"white\",\"linecolor\":\"white\",\"ticks\":\"\"}},\"coloraxis\":{\"colorbar\":{\"outlinewidth\":0,\"ticks\":\"\"}},\"colorscale\":{\"sequential\":[[0.0,\"#0d0887\"],[0.1111111111111111,\"#46039f\"],[0.2222222222222222,\"#7201a8\"],[0.3333333333333333,\"#9c179e\"],[0.4444444444444444,\"#bd3786\"],[0.5555555555555556,\"#d8576b\"],[0.6666666666666666,\"#ed7953\"],[0.7777777777777778,\"#fb9f3a\"],[0.8888888888888888,\"#fdca26\"],[1.0,\"#f0f921\"]],\"sequentialminus\":[[0.0,\"#0d0887\"],[0.1111111111111111,\"#46039f\"],[0.2222222222222222,\"#7201a8\"],[0.3333333333333333,\"#9c179e\"],[0.4444444444444444,\"#bd3786\"],[0.5555555555555556,\"#d8576b\"],[0.6666666666666666,\"#ed7953\"],[0.7777777777777778,\"#fb9f3a\"],[0.8888888888888888,\"#fdca26\"],[1.0,\"#f0f921\"]],\"diverging\":[[0,\"#8e0152\"],[0.1,\"#c51b7d\"],[0.2,\"#de77ae\"],[0.3,\"#f1b6da\"],[0.4,\"#fde0ef\"],[0.5,\"#f7f7f7\"],[0.6,\"#e6f5d0\"],[0.7,\"#b8e186\"],[0.8,\"#7fbc41\"],[0.9,\"#4d9221\"],[1,\"#276419\"]]},\"xaxis\":{\"gridcolor\":\"white\",\"linecolor\":\"white\",\"ticks\":\"\",\"title\":{\"standoff\":15},\"zerolinecolor\":\"white\",\"automargin\":true,\"zerolinewidth\":2},\"yaxis\":{\"gridcolor\":\"white\",\"linecolor\":\"white\",\"ticks\":\"\",\"title\":{\"standoff\":15},\"zerolinecolor\":\"white\",\"automargin\":true,\"zerolinewidth\":2},\"scene\":{\"xaxis\":{\"backgroundcolor\":\"#E5ECF6\",\"gridcolor\":\"white\",\"linecolor\":\"white\",\"showbackground\":true,\"ticks\":\"\",\"zerolinecolor\":\"white\",\"gridwidth\":2},\"yaxis\":{\"backgroundcolor\":\"#E5ECF6\",\"gridcolor\":\"white\",\"linecolor\":\"white\",\"showbackground\":true,\"ticks\":\"\",\"zerolinecolor\":\"white\",\"gridwidth\":2},\"zaxis\":{\"backgroundcolor\":\"#E5ECF6\",\"gridcolor\":\"white\",\"linecolor\":\"white\",\"showbackground\":true,\"ticks\":\"\",\"zerolinecolor\":\"white\",\"gridwidth\":2}},\"shapedefaults\":{\"line\":{\"color\":\"#2a3f5f\"}},\"annotationdefaults\":{\"arrowcolor\":\"#2a3f5f\",\"arrowhead\":0,\"arrowwidth\":1},\"geo\":{\"bgcolor\":\"white\",\"landcolor\":\"#E5ECF6\",\"subunitcolor\":\"white\",\"showland\":true,\"showlakes\":true,\"lakecolor\":\"white\"},\"title\":{\"x\":0.05},\"mapbox\":{\"style\":\"light\"}}},\"xaxis\":{\"anchor\":\"y\",\"domain\":[0.0,1.0],\"scaleanchor\":\"y\",\"constrain\":\"domain\"},\"yaxis\":{\"anchor\":\"x\",\"domain\":[0.0,1.0],\"autorange\":\"reversed\",\"constrain\":\"domain\"},\"coloraxis\":{\"colorbar\":{\"title\":{\"text\":\"Similarity Score\"}},\"colorscale\":[[0.0,\"rgb(247,252,240)\"],[0.125,\"rgb(224,243,219)\"],[0.25,\"rgb(204,235,197)\"],[0.375,\"rgb(168,221,181)\"],[0.5,\"rgb(123,204,196)\"],[0.625,\"rgb(78,179,211)\"],[0.75,\"rgb(43,140,190)\"],[0.875,\"rgb(8,104,172)\"],[1.0,\"rgb(8,64,129)\"]]},\"margin\":{\"t\":60},\"title\":{\"font\":{\"size\":22,\"color\":\"Black\"},\"text\":\"<b>Similarity Matrix</b>\",\"y\":0.95,\"x\":0.55,\"xanchor\":\"center\",\"yanchor\":\"top\"},\"hoverlabel\":{\"font\":{\"size\":16,\"family\":\"Rockwell\"},\"bgcolor\":\"white\"},\"width\":800,\"height\":800,\"showlegend\":true,\"legend\":{\"title\":{\"text\":\"Trend\"}}}}"